name	mstar16	mstar50	mstar84
636353	9.042	9.052	9.167
638594	9.962	9.977	10.040
640662	9.272	9.387	9.492
640954	9.402	9.477	9.537
641021	9.127	9.142	9.212
641140	9.487	9.567	9.642
641198	9.252	9.357	9.412
641287	8.927	9.022	9.132
641396	10.530	10.660	10.750
641753	10.080	10.140	10.180
641914	9.307	9.392	9.472
642349	9.292	9.462	9.622
642600	9.472	9.677	9.697
643037	9.372	9.432	9.497
643160	9.872	9.882	9.882
643225	9.142	9.167	9.262
643242	10.090	10.180	10.250
643292	9.207	9.292	9.297
643304	10.220	10.300	10.360
643458	9.652	9.782	9.872
643572	8.867	9.042	9.197
643579	9.077	9.227	9.302
643815	9.322	9.392	9.457
643899	9.067	9.292	9.472
643969	9.482	9.487	9.487
643974	9.842	9.912	9.987
644102	9.427	9.472	9.597
644169	10.550	10.560	10.560
644354	8.972	9.017	9.102
644466	9.192	9.407	9.442
644986	11.000	11.040	11.130
645074	9.467	9.507	9.507
645262	9.027	9.027	9.042
645479	10.040	10.120	10.190
645486	9.052	9.127	9.322
645536	9.727	9.832	9.927
645793	9.622	9.727	9.842
645985	9.427	9.497	9.567
646176	8.437	9.032	9.617
646253	9.337	9.407	9.487
646344	10.550	10.550	10.560
646346	9.392	9.542	9.672
646595	8.902	9.052	9.157
646610	9.127	9.207	9.312
646651	9.092	9.182	9.327
646739	10.200	10.370	10.470
646770	10.160	10.520	10.560
646934	9.502	9.562	9.637
647166	9.787	9.852	9.932
647203	8.937	9.062	9.197
647269	9.532	9.537	9.567
647433	9.032	9.072	9.147
647458	10.330	10.390	10.460
647708	8.902	9.247	9.287
647735	9.212	9.307	9.317
647737	9.157	9.232	9.287
647741	9.892	9.947	10.020
647962	10.250	10.310	10.330
648039	9.887	9.972	10.040
648127	9.242	9.377	9.437
648232	9.112	9.182	9.237
648328	9.952	10.060	10.080
648366	9.382	9.492	9.612
648369	10.300	10.440	10.480
648381	9.642	9.737	9.822
648753	10.270	10.370	10.460
648772	10.170	10.170	10.170
648985	10.460	10.610	10.710
648988	9.732	9.772	9.827
649246	9.807	9.927	10.020
649496	8.982	9.072	9.137
649547	9.162	9.607	9.867
649860	10.130	10.190	10.300
650034	9.937	10.070	10.170
650046	10.060	10.350	10.500
650081	10.460	10.500	10.510
650282	9.452	9.627	9.777
650326	10.790	10.810	10.930
650352	9.062	9.187	9.192
650450	8.842	9.232	9.232
650578	9.312	9.437	9.552
650642	8.982	9.152	9.267
650676	9.172	9.257	9.307
650795	10.520	10.580	10.640
650829	9.632	9.682	9.687
650850	9.442	9.542	9.672
650931	9.602	9.657	9.757
650932	8.902	9.022	9.097
651108	10.690	10.690	10.780
651146	9.332	9.407	9.477
651179	9.432	9.607	9.772
651221	9.157	9.162	9.162
651273	9.392	9.392	9.417
651292	10.490	10.600	10.690
651308	10.010	10.060	10.100
651386	9.757	9.757	9.827
651418	8.772	9.017	9.207
651447	9.967	9.987	10.030
651452	9.932	10.070	10.120
651497	9.602	9.607	9.607
651510	9.822	9.837	10.110
651584	11.170	11.170	11.170
651590	9.297	9.447	9.452
651900	9.677	9.742	9.852
651928	9.712	9.722	9.762
651967	10.380	10.540	10.570
651975	11.150	11.210	11.270
651985	10.100	10.100	10.100
651986	9.182	9.287	9.432
652047	9.367	9.452	9.552
652089	9.942	10.030	10.160
652092	9.787	9.857	9.932
652157	9.227	9.412	9.552
652212	9.447	9.562	9.717
652283	8.892	9.012	9.122
652298	9.407	9.472	9.572
652360	9.047	9.102	9.167
652366	10.300	10.320	10.320
652645	9.952	10.020	10.050
652860	9.182	9.217	9.217
652986	9.877	9.882	9.932
653004	9.557	9.662	9.802
653020	10.910	10.940	11.040
653069	10.350	10.420	10.500
653142	9.037	9.037	9.087
653168	9.632	9.632	9.997
653269	8.922	9.357	9.772
653285	9.477	9.602	9.722
653319	9.512	9.632	9.632
653349	9.762	9.872	9.977
653389	9.677	9.682	9.897
653443	9.607	9.757	9.917
653447	10.990	11.010	11.110
653466	9.302	9.397	9.447
653523	9.017	9.267	9.392
653662	9.782	9.797	9.822
653716	9.047	9.107	9.202
653747	9.327	9.527	9.532
653796	9.732	9.872	10.010
653828	10.250	10.280	10.540
653943	8.827	9.087	9.392
654031	9.332	9.452	9.527
654086	9.512	9.632	9.732
654107	9.027	9.192	9.232
654109	10.620	10.680	10.720
654160	9.362	9.432	9.522
654182	9.112	9.242	9.382
654192	9.617	9.877	9.927
654296	9.812	9.852	9.942
654305	8.982	9.062	9.157
654324	8.992	9.092	9.192
654352	9.027	9.252	9.457
654379	9.927	9.932	10.040
654426	9.387	9.392	9.392
654579	9.202	9.342	9.397
654722	9.847	9.852	9.852
654732	8.897	9.017	9.067
654736	9.297	9.462	9.542
654767	9.032	9.117	9.272
654769	9.092	9.177	9.302
654916	10.350	10.360	10.360
654979	9.017	9.017	9.322
655052	10.250	10.350	10.430
655065	9.332	9.467	9.542
655104	10.590	10.600	10.700
655153	9.402	9.402	9.402
655172	9.047	9.092	9.137
655208	10.540	10.630	10.710
655228	9.882	9.922	10.020
655252	9.052	9.142	9.252
655329	10.290	10.300	10.300
655358	9.317	9.427	9.582
655498	10.340	10.340	10.370
655521	9.347	9.457	9.522
655561	10.090	10.220	10.330
655605	9.967	9.967	9.967
655632	8.887	9.062	9.202
655643	9.207	9.257	9.322
655727	9.507	9.512	9.512
655734	8.897	9.022	9.152
655746	9.022	9.087	9.147
655921	9.837	9.907	9.972
656143	10.420	10.460	10.530
656167	9.012	9.122	9.122
656295	8.927	9.452	9.847
656304	9.382	9.497	9.542
656329	10.630	10.690	10.770
656343	10.160	10.200	10.290
656468	9.312	9.407	9.562
656505	10.570	10.650	10.710
656512	9.377	9.457	9.547
656571	8.957	9.082	9.207
656596	10.110	10.220	10.290
656608	10.220	10.310	10.380
656625	9.717	9.887	9.957
656629	9.232	9.382	9.482
656687	9.692	9.717	9.747
656698	9.727	9.732	9.732
656775	10.470	10.470	10.580
656910	10.390	10.470	10.590
657005	9.217	9.352	9.487
657077	10.350	10.440	10.550
657078	9.752	9.837	9.947
657081	11.130	11.170	11.270
657151	9.592	9.742	9.852
657270	9.617	9.637	9.637
657368	9.072	9.177	9.292
657420	8.882	9.007	9.187
657435	9.007	9.102	9.212
657450	10.020	10.140	10.210
657477	9.122	9.322	9.407
657531	9.127	9.222	9.297
657599	10.730	10.800	10.940
657603	8.942	9.007	9.117
657604	9.187	9.257	9.312
657611	10.790	10.870	10.980
657753	9.782	9.922	9.992
657773	9.407	9.827	9.952
657815	9.317	9.387	9.497
657880	9.102	9.102	9.162
657902	9.892	9.892	10.220
657973	9.922	9.982	10.040
658035	9.522	9.602	9.772
658045	9.362	9.437	9.502
658063	9.697	9.807	10.060
658132	10.730	10.730	10.730
658259	9.087	9.197	9.262
658322	9.087	9.152	9.227
658334	8.867	9.022	9.167
658401	8.947	9.017	9.097
658411	11.350	11.350	11.390
658417	9.782	9.882	10.010
658455	9.037	9.042	9.152
658509	9.632	9.697	9.787
658634	9.002	9.077	9.182
658635	10.510	10.630	10.770
658669	9.557	9.562	9.687
658712	9.937	9.942	10.010
658713	10.860	10.920	10.950
658754	9.487	9.647	9.652
658788	9.842	9.842	9.847
658801	10.140	10.200	10.350
659020	9.732	9.822	9.927
659078	9.142	9.202	9.247
659128	10.700	10.780	10.840
659239	8.992	9.027	9.087
659255	9.022	9.022	9.212
659393	9.347	9.522	9.557
659399	9.637	9.692	9.762
659440	10.310	10.430	10.540
659442	10.510	10.590	10.680
659545	9.382	9.537	9.652
659638	9.872	9.947	10.020
659775	10.080	10.180	10.240
659810	10.960	11.150	11.160
659813	9.992	9.992	9.992
659829	10.310	10.310	10.310
659863	10.610	10.900	10.910
659909	11.060	11.130	11.130
659924	9.652	9.802	9.927
660102	10.060	10.260	10.460
660149	11.000	11.080	11.140
660190	9.767	9.922	9.997
660293	9.537	9.617	9.682
660323	9.362	9.822	9.912
660389	10.010	10.010	10.010
660421	9.562	9.627	9.697
660514	10.900	10.960	11.080
660599	9.177	9.272	9.377
660664	9.162	9.362	9.447
660678	9.662	9.747	9.807
660756	9.807	9.877	9.927
660788	9.092	9.412	9.412
660791	9.857	9.922	9.987
660794	9.282	9.457	9.592
660848	8.942	9.062	9.657
660862	9.087	9.292	9.492
660885	9.692	9.817	9.882
660927	9.377	9.462	9.557
660936	10.170	10.280	10.460
660972	9.832	9.977	10.100
660984	9.392	9.457	9.522
661116	9.592	9.637	9.687
661139	9.117	9.187	9.252
661193	9.077	9.162	9.257
661203	9.542	9.622	9.697
661205	10.360	10.450	10.540
661306	9.602	9.707	9.822
661327	8.942	9.037	9.112
661412	10.840	10.950	11.060
661453	9.862	9.897	9.967
661579	9.632	9.702	9.757
661600	10.310	10.500	10.650
661621	9.122	9.172	9.252
661642	9.207	9.277	9.352
661670	9.232	9.517	9.702
661706	9.652	9.722	9.842
661714	10.040	10.120	10.230
661823	9.167	9.172	9.267
661840	9.722	9.902	10.020
661863	9.452	9.537	9.587
661875	9.952	9.982	10.020
661969	9.262	9.367	9.497
662058	9.252	9.367	9.577
662128	10.630	10.650	10.710
662138	10.140	10.170	10.230
662197	8.902	9.072	9.207
662267	10.280	10.370	10.520
662269	9.542	9.552	9.632
662296	9.482	9.577	9.687
662605	10.070	10.120	10.160
662652	10.220	10.350	10.490
662677	9.662	9.737	9.862
662702	9.337	9.342	9.342
662799	8.597	9.012	9.187
662881	9.047	9.087	9.192
663004	9.817	10.070	10.290
663030	9.067	9.142	9.277
663035	9.132	9.137	9.322
663044	8.992	9.067	9.217
663050	9.877	9.932	9.992
663066	9.167	9.222	9.297
663084	8.912	9.027	9.192
663160	9.022	9.132	9.217
663295	10.450	10.530	10.580
663340	10.060	10.060	10.060
663394	9.757	9.757	9.762
663630	9.837	9.852	9.872
663724	10.110	10.230	10.360
663740	9.432	9.537	9.647
663743	9.157	9.252	9.382
663751	11.030	11.030	11.030
663855	9.797	9.877	9.967
663876	10.120	10.200	10.340
663896	10.370	10.450	10.540
663945	9.097	9.207	9.357
663956	9.562	9.647	9.752
663964	9.077	9.207	9.342
663987	9.817	10.050	10.280
663996	8.987	9.117	9.207
664017	10.500	10.660	10.720
664042	10.200	10.290	10.350
664087	9.342	9.477	9.502
664184	9.247	9.322	9.412
664217	9.222	9.297	9.352
664258	9.297	9.327	9.332
664276	9.897	9.972	10.050
664283	9.677	9.677	10.000
664309	8.867	9.007	9.137
664310	10.200	10.250	10.280
664322	9.262	9.352	9.452
664409	9.372	9.482	9.542
664428	10.370	10.370	10.370
664438	10.980	11.050	11.160
664474	9.762	9.882	9.992
664494	9.017	9.117	9.232
664520	9.162	9.337	9.552
664593	10.160	10.160	10.200
664642	9.587	9.677	9.792
664650	9.592	9.662	9.717
664657	9.837	9.917	9.992
664876	9.312	9.387	9.467
664904	9.627	9.692	9.807
664995	9.932	10.020	10.100
665035	9.137	9.277	9.392
665044	9.267	9.427	9.477
665055	10.010	10.280	10.530
665115	9.472	9.567	9.662
665149	10.290	10.300	10.300
665255	9.472	9.627	9.747
665260	9.967	10.180	10.290
665278	9.402	9.472	9.572
665301	9.902	10.070	10.210
665306	10.410	10.420	10.420
665320	9.792	9.812	10.030
665354	9.732	9.732	9.732
665433	9.232	9.352	9.427
665504	9.412	9.522	9.632
665534	9.852	9.852	9.942
665556	9.292	9.412	9.537
665585	10.400	10.450	10.480
665662	9.452	9.522	9.522
665700	9.647	9.647	9.647
665704	8.992	9.157	9.232
665708	9.702	9.792	9.867
665743	9.387	9.467	9.582
665789	9.217	9.292	9.362
665933	9.022	9.032	9.032
665935	9.247	9.332	9.447
665970	10.570	10.690	10.860
665997	8.972	9.092	9.202
666044	9.087	9.162	9.242
666051	10.040	10.190	10.420
666052	9.052	9.182	9.317
666110	10.780	10.930	11.020
666120	9.417	9.517	9.627
666176	9.867	9.947	10.020
666185	9.757	9.842	9.977
666245	9.277	9.772	10.040
666328	10.480	10.550	10.620
666357	10.060	10.310	10.540
666428	10.280	10.350	10.450
666534	10.280	10.340	10.410
666795	9.002	9.072	9.267
666827	9.162	9.162	9.162
666842	8.977	9.137	9.242
666892	9.772	9.872	9.952
666956	9.472	9.552	9.657
667008	10.680	10.770	10.920
667025	9.267	9.407	9.482
667120	10.140	10.280	10.350
667131	9.607	9.607	9.647
667134	10.340	10.350	10.410
667185	9.637	9.722	9.747
667381	9.047	9.142	9.287
667387	10.790	10.820	10.910
667416	9.032	9.107	9.182
667448	9.157	9.277	9.462
667469	8.942	9.077	9.262
667487	8.632	9.142	9.627
667514	9.587	9.592	9.592
667530	9.612	9.702	9.767
667537	10.050	10.120	10.190
667667	9.312	9.407	9.537
667698	10.440	10.540	10.580
667704	10.290	10.430	10.630
667726	9.062	9.107	9.112
667734	9.177	9.317	9.487
667739	9.232	9.302	9.357
667761	9.277	9.322	9.447
667793	9.112	9.202	9.292
667833	9.062	9.152	9.182
667863	10.380	10.390	10.390
667913	8.887	9.182	9.402
667920	9.757	9.767	9.792
667967	10.120	10.130	10.220
667974	8.992	9.002	9.042
668000	9.082	9.137	9.202
668065	10.200	10.320	10.450
668240	9.197	9.292	9.377
668269	10.750	10.750	10.750
668301	9.507	9.637	9.772
668315	9.417	9.477	9.652
668316	8.992	9.087	9.257
668344	9.192	9.272	9.372
668378	9.547	9.607	9.662
668413	10.590	10.590	10.670
668538	10.170	10.220	10.430
668545	9.062	9.237	9.362
668679	9.347	9.447	9.547
668691	9.242	9.397	9.487
668713	9.102	9.402	9.492
668752	9.822	9.842	9.892
668774	9.687	9.807	9.967
668775	10.110	10.300	10.340
668777	9.252	9.367	9.487
668782	8.497	9.142	10.080
668871	9.322	9.452	9.507
668872	10.780	10.880	10.990
668931	9.612	9.682	9.727
668932	8.812	9.237	9.597
668937	9.597	9.667	9.742
668944	10.580	10.630	10.660
669011	9.692	9.842	9.902
669021	9.597	9.667	9.737
669023	9.132	9.262	9.377
669135	10.610	10.730	10.860
669147	10.820	10.890	10.930
669191	10.500	10.550	10.590
669204	9.992	9.992	9.997
669220	8.932	9.107	9.272
669225	9.852	9.947	10.030
669251	10.300	10.630	10.890
669278	10.930	10.940	10.940
669283	8.882	9.052	9.227
669481	10.820	10.920	11.020
669482	9.462	9.577	9.722
669487	9.277	9.397	9.397
669509	10.590	10.590	10.590
669530	9.307	9.517	9.742
669533	10.200	10.240	10.320
669652	10.240	10.240	10.250
669710	9.777	9.907	10.050
669713	9.392	9.532	9.662
669725	9.022	9.022	9.097
669736	9.177	9.292	9.407
669737	9.512	9.572	9.652
669738	9.382	9.442	9.562
669810	9.337	9.342	9.342
669817	10.830	10.880	10.880
669888	10.200	10.350	10.450
669967	11.120	11.250	11.260
670109	8.997	9.107	9.147
670172	9.362	9.502	9.652
670199	9.427	9.512	9.597
670203	9.137	9.222	9.292
670279	9.182	9.342	9.512
670310	10.860	10.890	10.890
670333	10.220	10.350	10.500
670420	9.492	9.582	9.727
670429	9.327	9.542	9.662
670436	9.122	9.187	9.247
670437	10.610	10.700	10.770
670491	9.377	9.482	9.487
670532	8.962	9.052	9.162
670572	8.912	9.072	9.127
670612	9.432	9.532	9.622
670639	9.057	9.197	9.297
670702	9.167	9.267	9.392
670704	10.620	10.720	10.890
670751	9.507	9.622	9.767
670757	9.077	9.167	9.357
670838	8.472	9.262	9.677
670909	9.397	9.397	9.397
670933	10.920	10.980	11.020
671038	10.630	10.770	10.780
671128	10.220	10.320	10.440
671133	9.367	9.432	9.512
671137	9.067	9.082	9.092
671274	10.410	10.490	10.640
671307	9.572	9.602	9.707
671316	9.312	9.392	9.457
671366	10.380	10.440	10.520
671417	9.547	9.602	9.682
671422	9.427	9.457	9.517
671499	9.057	9.152	9.267
671521	9.522	9.662	9.722
671562	9.842	10.050	10.140
671563	8.882	9.032	9.212
671587	9.472	9.492	9.557
671716	11.020	11.050	11.100
671747	9.427	9.432	9.432
671934	9.532	9.587	9.662
671968	9.457	9.542	9.627
671970	9.847	9.942	10.080
671988	10.390	10.470	10.560
671990	9.007	9.147	9.152
671993	10.260	10.260	10.390
672011	9.282	9.337	9.422
672021	9.707	9.707	9.707
672137	9.712	9.792	9.877
672145	10.200	10.210	10.240
672188	9.382	9.497	9.672
672222	11.010	11.030	11.030
672224	9.662	9.767	9.807
672236	9.567	9.567	9.567
672277	9.452	9.467	9.522
672310	10.720	10.840	10.930
672322	10.880	11.090	11.210
672329	10.210	10.270	10.390
672338	9.677	9.777	9.857
672353	9.812	9.882	10.020
672405	8.917	9.087	9.342
672460	8.977	9.032	9.107
672499	10.130	10.130	10.130
672507	9.452	9.467	9.517
672597	9.252	9.402	9.537
672618	10.550	10.630	10.690
672635	9.042	9.057	9.067
672651	9.417	9.472	9.632
672664	9.397	9.457	9.547
672665	10.040	10.100	10.160
672800	9.657	9.657	9.662
672908	9.587	9.687	9.807
672953	9.632	9.677	9.727
672973	9.892	9.902	9.907
672985	9.542	9.632	9.747
673010	9.082	9.167	9.242
673029	10.580	10.650	10.720
673033	9.297	9.362	9.437
673061	9.297	9.362	9.442
673159	9.842	10.020	10.230
673202	10.450	10.450	10.450
673242	10.490	10.580	10.670
673264	10.130	10.220	10.290
673379	9.272	9.372	9.472
673381	9.417	9.562	9.567
673431	9.882	9.942	10.020
673442	9.762	9.857	9.942
673479	10.990	11.000	11.000
673544	9.252	9.332	9.427
673595	10.040	10.140	10.240
673600	11.130	11.260	11.360
673643	10.340	10.340	10.450
673709	9.242	9.332	9.452
673717	8.802	9.002	9.167
673751	9.302	9.362	9.427
673760	10.250	10.330	10.420
673816	9.127	9.182	9.252
673817	9.502	9.557	9.617
673818	10.090	10.130	10.180
673900	8.932	9.017	9.122
673912	10.760	10.910	11.020
673992	9.732	9.862	9.962
674059	10.490	10.500	10.500
674096	10.070	10.180	10.310
674106	9.882	9.882	9.882
674164	10.700	10.710	10.710
674200	10.800	10.800	10.800
674203	10.560	10.560	10.570
674402	10.490	10.490	10.490
674430	9.017	9.097	9.172
674452	9.367	9.437	9.477
674470	9.087	9.292	9.462
674539	9.217	9.267	9.372
674545	8.962	9.087	9.367
674565	11.040	11.110	11.180
674587	10.350	10.440	10.510
674613	10.230	10.310	10.390
674621	10.470	10.500	10.550
674623	9.317	9.317	9.317
674626	8.802	9.112	9.377
674718	9.497	9.587	9.677
674773	9.862	9.977	10.010
674785	9.612	9.732	9.867
674823	10.000	10.080	10.140
674953	9.357	9.432	9.507
674966	9.537	9.542	9.542
674976	9.322	9.387	9.457
675013	9.172	9.267	9.407
675067	9.337	9.502	9.647
675130	9.382	9.467	9.532
675193	10.800	10.850	10.950
675243	9.367	9.417	9.467
675292	9.582	9.702	9.747
675309	9.327	9.342	9.347
675412	9.152	9.227	9.302
675436	11.040	11.040	11.050
675444	8.752	9.272	9.482
675452	9.082	9.167	9.237
675469	9.167	9.292	9.402
675598	10.170	10.350	10.520
675786	9.862	10.010	10.020
675814	10.250	10.280	10.360
675899	9.517	9.592	9.662
675938	10.200	10.320	10.390
675943	9.637	9.762	9.897
676022	9.472	9.537	9.672
676098	10.550	10.640	10.670
676120	9.912	10.120	10.120
676136	9.077	9.132	9.132
676144	9.407	9.412	9.412
676148	9.507	9.517	9.517
676179	8.937	9.047	9.102
676220	9.082	9.127	9.242
676368	9.027	9.197	9.387
676397	9.462	9.462	9.462
676486	10.040	10.040	10.070
676540	8.887	9.157	9.327
676554	10.060	10.240	10.420
676593	10.220	10.320	10.380
676838	8.572	9.312	9.782
676892	9.047	9.162	9.317
676974	8.997	9.037	9.072
676976	9.052	9.222	9.407
677037	10.060	10.070	10.070
677082	9.857	9.917	9.977
677237	11.210	11.230	11.230
677240	8.912	9.062	9.217
677283	10.650	10.800	10.890
677313	8.937	9.017	9.092
677353	9.942	10.050	10.150
677355	10.650	10.700	10.860
677403	9.452	9.602	9.752
677421	9.087	9.292	9.597
677424	9.242	9.397	9.537
677435	9.717	9.892	10.080
677469	10.790	10.850	10.920
677517	8.997	9.072	9.267
677609	9.077	9.202	9.322
677614	9.432	9.522	9.577
677616	9.192	9.312	9.357
677684	10.400	10.400	10.480
677739	9.307	9.377	9.562
677761	8.827	9.212	9.567
677804	9.147	9.247	9.307
677954	8.902	9.052	9.227
678035	9.692	9.757	9.802
678085	9.487	9.582	9.677
678109	9.522	9.522	9.522
678122	10.000	10.080	10.130
678159	9.347	9.447	9.537
678254	9.617	9.672	9.737
678269	9.037	9.167	9.347
678356	10.230	10.370	10.470
678367	9.622	9.692	9.767
678380	10.420	10.480	10.560
678400	10.690	10.900	10.900
678453	9.007	9.087	9.177
678482	10.010	10.020	10.020
678496	9.162	9.177	9.187
678536	9.762	9.927	10.190
678609	9.557	9.622	9.692
678616	9.077	9.157	9.217
678645	10.220	10.270	10.330
678649	9.177	9.252	9.337
678741	9.032	9.107	9.202
678781	8.437	9.032	9.337
678844	9.382	9.397	9.507
678854	9.892	9.892	9.892
678915	9.522	9.522	9.997
678930	9.562	9.562	9.562
678989	9.372	9.577	9.652
679069	9.512	9.602	9.752
679085	10.310	10.570	10.850
679127	9.427	9.557	9.667
679145	9.257	9.277	9.427
679197	10.540	10.550	10.550
679254	9.492	9.572	9.657
679287	10.620	10.670	10.740
679373	10.840	10.890	10.960
679398	9.542	9.577	9.582
679411	9.792	9.852	9.932
679437	9.852	9.927	9.987
679470	9.482	9.507	9.512
679604	11.170	11.250	11.480
679782	10.400	10.510	10.640
679801	8.927	9.117	9.187
679845	9.722	10.080	10.260
679847	10.560	10.670	10.830
679848	9.272	9.367	9.482
679891	9.077	9.142	9.162
679936	11.300	11.320	11.320
679937	9.172	9.287	9.397
679966	9.757	9.827	9.917
679971	9.502	9.502	9.512
679972	9.927	9.927	9.957
679973	8.927	9.107	9.232
680004	9.527	9.637	9.727
680021	10.070	10.210	10.270
680182	9.422	9.517	9.667
680274	9.287	9.362	9.447
680306	9.522	9.662	9.732
680375	8.932	9.002	9.087
680384	9.202	9.382	9.467
680409	10.630	10.690	10.830
680540	11.020	11.080	11.100
680596	8.952	9.042	9.117
680626	9.587	9.647	9.657
680640	9.217	9.282	9.382
680681	9.897	9.902	9.907
680751	10.270	10.360	10.460
680757	9.022	9.057	9.142
680799	8.637	9.077	9.342
680849	10.770	10.950	11.060
680939	10.250	10.340	10.440
680949	10.250	10.380	10.480
680996	9.092	9.172	9.227
681003	10.120	10.230	10.340
681021	9.247	9.372	9.492
681078	9.147	9.307	9.412
681082	9.547	9.612	9.682
681143	9.582	9.782	10.010
681153	9.372	9.462	9.557
681207	9.642	9.717	9.787
681221	9.612	9.617	9.617
681299	9.077	9.217	9.347
681309	9.892	9.942	10.020
681400	9.652	9.677	9.697
681450	9.442	9.547	9.637
681477	9.762	9.837	9.947
681511	9.137	9.332	9.452
681577	9.372	9.432	9.502
681617	9.582	9.592	9.847
681704	10.910	10.920	10.920
681738	9.897	9.902	9.902
681818	9.612	9.727	9.852
681878	9.772	9.847	9.922
681892	9.697	9.777	9.867
681909	9.197	9.272	9.392
681966	9.232	9.382	9.462
681974	9.042	9.232	9.242
682040	9.157	9.287	9.427
682071	8.857	9.047	9.192
682104	9.102	9.247	9.382
682126	10.120	10.270	10.440
682151	9.152	9.222	9.282
682181	9.897	9.942	10.010
682260	9.337	9.402	9.467
682274	9.072	9.162	9.277
682293	8.897	9.002	9.077
682323	9.692	9.792	9.922
682337	10.270	10.340	10.390
682357	10.440	10.640	10.660
682413	11.070	11.100	11.150
682414	9.722	9.807	9.897
682426	9.237	9.342	9.417
682439	9.417	9.457	9.487
682440	9.737	9.837	9.937
682509	9.147	9.272	9.422
682573	8.967	9.337	9.562
682577	9.892	9.972	10.060
682618	9.442	9.552	9.602
682637	9.187	9.247	9.377
682646	9.617	9.667	9.727
682748	10.070	10.170	10.240
682750	9.277	9.332	9.447
682769	9.502	9.572	9.632
682818	9.077	9.117	9.222
682888	9.097	9.257	9.397
682927	10.940	10.990	11.020
683066	9.817	9.927	10.070
683069	9.587	9.697	9.812
683071	9.397	9.452	9.537
683072	9.787	9.952	10.130
683133	9.412	9.487	9.582
683189	10.630	10.630	10.740
683216	9.477	9.532	9.612
683319	9.137	9.202	9.282
683336	9.577	9.692	9.807
683343	9.617	9.792	9.877
683380	9.197	9.312	9.527
683392	10.350	10.350	10.350
683437	9.527	9.662	9.837
683447	8.732	9.002	9.282
683457	10.390	10.450	10.630
683514	9.102	9.202	9.272
683554	9.912	9.912	9.912
683630	9.217	9.347	9.382
683660	10.350	10.490	10.590
683692	10.040	10.100	10.170
683715	9.467	9.532	9.627
683770	9.192	9.242	9.317
683854	9.402	9.447	9.507
683871	8.837	9.057	9.117
683893	9.552	9.687	9.857
683926	9.747	9.832	9.832
683929	9.422	9.512	9.617
683931	11.430	11.480	11.540
684034	9.882	9.952	10.040
684048	9.217	9.427	9.582
684053	9.827	9.897	10.010
684074	10.560	10.630	10.710
684084	10.570	10.640	10.730
684194	10.120	10.140	10.250
684197	10.360	10.450	10.560
684202	9.232	9.367	9.462
684245	10.400	10.410	10.410
684349	9.337	9.407	9.492
684412	8.982	9.027	9.037
684422	10.090	10.110	10.210
684497	9.027	9.072	9.167
684505	9.002	9.032	9.157
684509	9.562	9.757	9.867
684586	9.867	9.967	10.070
684632	8.972	9.042	9.157
684651	9.117	9.292	9.362
684676	10.040	10.040	10.210
684678	9.932	10.010	10.110
684682	8.952	9.057	9.177
684706	9.997	10.080	10.170
684782	9.567	9.632	9.717
684859	9.817	9.822	9.822
684875	9.332	9.402	9.497
684933	10.490	10.550	10.550
685051	9.827	9.912	10.040
685088	8.962	9.257	9.367
685102	9.912	9.972	10.020
685105	10.480	10.480	10.650
685156	9.202	9.277	9.322
685234	10.880	10.950	11.020
685279	10.920	11.020	11.130
685288	10.670	10.810	10.950
685290	9.082	9.202	9.367
685295	10.700	10.750	10.880
685378	9.447	9.452	9.452
685395	11.060	11.190	11.200
685406	9.652	9.657	9.692
685409	9.692	9.837	9.847
685421	10.700	10.710	10.750
685443	10.130	10.160	10.170
685580	9.487	9.562	9.672
685604	10.410	10.420	10.600
685670	9.302	9.402	9.497
685672	9.177	9.222	9.277
685674	9.337	9.392	9.462
685714	9.422	9.692	9.922
685726	9.142	9.212	9.307
685738	9.472	9.527	9.617
685796	9.812	9.937	10.040
685811	8.972	9.032	9.117
685834	9.232	9.252	9.282
685864	9.482	9.637	9.757
685868	9.967	10.020	10.090
685879	9.082	9.262	9.417
685909	10.050	10.160	10.250
685920	9.637	9.642	9.642
685939	9.177	9.182	9.237
685940	9.422	9.497	9.507
685942	8.797	9.062	9.317
685943	8.842	9.042	9.242
686026	9.522	9.662	9.717
686056	9.067	9.187	9.317
686097	10.700	10.840	10.840
686229	8.977	9.092	9.202
686241	11.150	11.290	11.350
686252	9.012	9.022	9.427
686263	9.422	9.647	9.927
686281	9.877	9.877	10.290
686283	8.902	9.012	9.152
686313	9.717	9.832	9.832
686329	10.050	10.270	10.490
686382	9.057	9.187	9.357
686405	9.432	9.437	9.437
686447	10.860	10.860	11.050
686499	10.470	10.580	10.690
686501	9.132	9.252	9.312
686548	9.197	9.312	9.422
686594	8.922	9.092	9.222
686609	9.637	9.712	9.787
686613	9.612	9.622	9.627
686685	9.437	9.502	9.512
686767	9.602	9.672	9.742
686769	9.797	9.822	9.822
686773	10.500	10.550	10.690
686846	9.077	9.082	9.122
686956	10.220	10.270	10.340
686977	10.030	10.180	10.360
687026	9.962	9.967	9.967
687036	10.780	10.840	11.000
687068	9.987	9.992	9.992
687070	9.627	9.672	9.732
687187	9.007	9.057	9.162
687281	10.600	10.740	10.750
687308	9.267	9.272	9.272
687319	10.320	10.450	10.520
687379	9.787	9.817	9.912
687381	10.050	10.050	10.050
687402	11.040	11.060	11.060
687406	9.217	9.277	9.347
687430	8.887	9.002	9.007
687439	9.022	9.137	9.252
687465	11.510	11.580	11.680
687476	9.832	9.912	10.000
687528	9.097	9.267	9.397
687530	10.200	10.320	10.330
687572	8.872	9.087	9.177
687632	9.542	9.652	9.657
687645	10.040	10.040	10.120
687695	10.460	10.530	10.560
687727	9.347	9.397	9.472
687729	9.297	9.362	9.442
687748	8.407	9.167	9.432
687801	10.070	10.070	10.210
687811	9.147	9.207	9.287
687829	10.430	10.530	10.630
687840	9.287	9.502	9.702
687873	10.540	10.650	10.710
687876	9.657	9.722	9.842
687905	9.557	9.647	9.687
687906	9.942	9.942	9.947
687985	10.260	10.270	10.380
687987	9.527	9.637	9.747
687988	9.447	9.537	9.592
688008	9.532	9.662	9.812
688045	8.967	9.002	9.007
688049	10.060	10.150	10.260
688060	9.347	9.372	9.372
688102	9.472	9.697	9.702
688155	10.760	10.760	10.760
688196	9.812	9.822	9.952
688206	9.187	9.287	9.352
688224	10.110	10.190	10.250
688242	10.350	10.430	10.440
688260	9.732	9.737	9.737
688265	9.572	9.637	9.812
688292	10.760	10.770	10.770
688411	10.140	10.180	10.240
688483	9.162	9.217	9.287
688489	10.970	11.060	11.150
688524	10.490	10.590	10.650
688637	10.610	10.750	10.880
688666	9.557	9.562	9.562
688694	9.402	9.517	9.687
688709	9.617	9.707	9.787
688739	9.612	9.687	9.932
688765	9.842	9.842	9.842
688870	9.262	9.467	9.662
688878	9.437	9.502	9.627
688907	10.010	10.010	10.010
688951	9.077	9.117	9.217
689071	9.257	9.312	9.372
689108	9.792	9.842	9.927
689189	9.217	9.217	9.252
689191	9.797	9.892	9.977
689229	9.342	9.412	9.482
689267	8.992	9.192	9.207
689288	9.777	9.852	9.932
689403	8.977	9.102	9.167
689455	8.972	9.117	9.157
689465	8.962	9.077	9.162
689467	9.587	9.772	9.772
689513	8.897	9.057	9.152
689515	10.560	10.560	10.560
689516	10.470	10.470	10.480
689560	9.202	9.282	9.432
689581	10.450	10.550	10.650
689656	9.047	9.237	9.257
689736	9.457	9.547	9.622
689764	9.727	9.822	9.902
689765	9.397	9.467	9.577
689794	10.430	10.450	10.460
689887	9.947	10.030	10.100
689946	10.360	10.360	10.360
689962	9.517	9.687	9.742
689999	11.070	11.200	11.290
690018	9.167	9.262	9.362
690019	9.217	9.282	9.347
690049	9.212	9.392	9.422
690277	9.122	9.182	9.247
690298	9.532	9.537	9.582
690377	10.540	10.640	10.770
690463	10.030	10.050	10.050
690487	8.967	9.097	9.147
690514	8.977	9.077	9.202
690603	10.020	10.120	10.240
690645	9.777	9.782	9.782
690663	10.830	10.890	10.970
690688	9.857	9.902	9.907
690689	9.752	9.872	9.937
690718	9.252	9.367	9.407
690721	10.110	10.110	10.110
690759	9.102	9.172	9.257
690760	9.157	9.277	9.362
690786	10.120	10.250	10.370
690832	9.992	10.000	10.000
690846	9.412	9.507	9.582
690902	9.732	9.897	9.977
690997	9.067	9.107	9.192
691008	10.020	10.160	10.230
691023	9.087	9.202	9.272
691087	9.312	9.337	9.522
691111	10.110	10.110	10.180
691153	9.282	9.337	9.402
691201	9.357	9.417	9.487
691202	9.832	9.987	10.050
691206	10.080	10.120	10.120
691274	10.280	10.380	10.490
691282	10.090	10.200	10.290
691307	8.957	9.017	9.352
691335	10.240	10.300	10.360
691336	9.827	9.897	9.987
691353	10.930	11.080	11.120
691402	11.330	11.500	11.540
691436	9.042	9.127	9.237
691498	9.047	9.067	9.477
691528	9.327	9.397	9.497
691538	10.030	10.030	10.040
691551	10.040	10.090	10.130
691560	8.887	9.012	9.117
691570	9.442	9.512	9.522
691586	11.070	11.180	11.230
691607	9.947	9.947	9.947
691642	9.302	9.422	9.607
691646	9.667	9.732	9.797
691662	9.702	9.807	9.807
691677	9.432	9.547	9.632
691682	10.150	10.230	10.260
691704	9.362	9.362	9.362
691866	10.270	10.330	10.460
691924	9.367	9.497	9.717
691974	9.727	9.782	9.847
692061	9.347	9.457	9.562
692085	9.832	9.887	9.937
692090	9.027	9.077	9.142
692163	9.702	9.777	9.827
692255	9.652	9.722	9.797
692261	10.270	10.360	10.400
692310	8.952	9.067	9.147
692313	8.972	9.192	9.357
692319	9.092	9.157	9.257
692333	10.480	10.550	10.590
692368	8.962	9.132	9.212
692375	9.142	9.252	9.332
692477	9.112	9.177	9.287
692507	10.300	10.490	10.530
692516	9.487	9.507	9.507
692525	9.032	9.112	9.262
692599	8.972	9.097	9.167
692625	9.792	9.867	9.952
692633	10.780	10.890	10.950
692656	9.347	9.527	9.582
692685	9.222	9.297	9.377
692696	10.240	10.320	10.440
692751	9.602	9.732	9.862
692790	10.150	10.220	10.280
692827	9.357	9.362	9.362
692846	9.607	9.687	9.762
692861	10.130	10.210	10.240
692892	8.622	9.117	9.332
692919	10.210	10.300	10.390
692995	10.740	10.760	10.760
693130	9.572	9.662	9.717
693135	9.317	9.322	9.327
693143	10.820	10.930	11.010
693167	9.127	9.197	9.267
693196	10.240	10.330	10.440
693200	9.232	9.387	9.542
693215	10.190	10.280	10.340
693223	9.062	9.077	9.192
693270	9.922	10.120	10.280
693309	10.380	10.510	10.550
693328	9.652	9.727	9.812
693354	10.580	10.700	10.810
693358	9.532	9.627	9.742
693414	10.150	10.280	10.350
693502	8.402	9.232	9.387
693554	9.682	9.857	9.932
693589	9.292	9.302	9.307
693593	10.100	10.170	10.280
693647	9.052	9.092	9.152
693671	8.972	9.037	9.157
693723	10.190	10.220	10.270
693726	9.747	9.827	9.917
693754	9.087	9.157	9.237
693815	9.222	9.302	9.402
693878	10.920	10.970	10.970
693949	11.010	11.060	11.210
694093	11.110	11.120	11.260
694195	9.267	9.397	9.527
694210	9.187	9.257	9.347
694294	9.702	9.927	10.090
694295	9.187	9.242	9.317
694409	9.002	9.127	9.187
694453	11.150	11.300	11.360
694457	9.152	9.247	9.372
694518	10.760	10.770	10.900
694597	10.090	10.180	10.310
694608	10.250	10.390	10.530
694721	10.040	10.040	10.040
694759	9.227	9.317	9.397
694975	9.732	9.812	9.852
695021	9.557	9.857	9.862
695051	9.877	9.927	10.010
695059	9.417	9.417	9.417
695130	10.620	10.720	10.770
695139	10.380	10.500	10.530
695174	10.160	10.240	10.370
695292	9.107	9.167	9.247
695398	10.890	11.000	11.100
695446	9.942	9.962	9.962
695482	9.277	9.367	9.442
695487	9.237	9.307	9.372
695525	9.257	9.467	9.702
695581	9.737	9.867	9.902
695592	9.322	9.397	9.517
695610	9.842	9.932	10.010
695647	9.122	9.122	9.367
695657	9.027	9.087	9.182
695665	8.972	9.062	9.177
695713	8.627	9.097	9.562
695782	9.752	9.927	10.120
695809	9.267	9.482	9.647
695874	9.772	9.842	9.917
695938	9.082	9.397	9.572
696023	9.787	9.842	9.907
696085	9.582	9.667	9.752
696114	8.892	9.077	9.142
696156	9.312	9.317	9.382
696304	9.592	9.657	9.747
696305	8.262	9.107	9.692
696389	9.517	9.687	9.857
696561	10.800	10.810	10.860
696649	10.550	10.630	10.690
696694	9.637	9.777	9.867
696713	9.087	9.282	9.407
696779	9.057	9.092	9.127
696838	10.430	10.450	10.520
696865	9.892	9.902	10.100
696882	10.730	10.730	10.870
696902	9.597	9.717	9.847
696948	9.497	9.567	9.642
696989	8.977	9.097	9.307
697096	9.362	9.432	9.517
697105	9.032	9.162	9.232
697120	8.972	9.052	9.092
697178	10.450	10.450	10.450
697181	9.632	9.702	9.792
697217	9.407	9.472	9.547
697352	9.097	9.222	9.227
697360	9.152	9.172	9.272
697383	11.100	11.220	11.290
697442	10.200	10.270	10.320
697467	9.897	10.100	10.300
697502	10.660	10.720	10.760
697540	9.617	9.917	10.130
697547	10.260	10.350	10.440
697571	10.450	10.600	10.680
697573	10.380	10.390	10.460
697582	10.010	10.130	10.220
697586	9.002	9.227	9.427
697646	10.790	10.800	10.800
697689	9.752	9.812	9.887
697702	9.387	9.492	9.552
697744	8.822	9.432	9.702
697747	9.627	9.737	9.817
697756	9.187	9.297	9.297
697768	9.787	9.862	9.947
697861	9.172	9.217	9.277
697870	9.162	9.317	9.442
697891	9.487	9.512	9.537
697912	10.370	10.640	10.710
697927	9.387	9.527	9.647
697955	9.157	9.272	9.417
697973	10.330	10.620	10.670
697986	10.080	10.210	10.250
698055	9.217	9.397	9.447
698095	9.017	9.157	9.272
698127	9.337	9.572	9.782
698145	9.817	9.892	9.972
698169	9.327	9.327	9.327
698184	10.280	10.370	10.430
698212	10.270	10.270	10.270
698269	10.520	10.650	10.750
698278	9.907	9.907	9.907
698282	10.560	10.630	10.640
698298	9.482	9.587	9.642
698311	9.842	9.927	10.010
698312	9.337	9.342	9.342
698356	10.140	10.150	10.220
698375	10.200	10.320	10.320
698378	10.160	10.160	10.410
698435	9.492	9.697	9.712
698455	10.640	10.740	10.850
698523	10.060	10.120	10.180
698571	9.337	9.427	9.512
698575	9.092	9.227	9.387
698582	9.597	9.677	9.757
698624	9.582	9.647	9.717
698671	9.497	9.502	9.502
698730	9.697	9.817	9.947
698760	9.527	9.612	9.707
698761	10.790	10.790	10.790
698813	9.532	9.587	9.642
698817	9.117	9.192	9.292
698860	9.297	9.297	9.297
698891	11.170	11.170	11.170
698949	9.572	9.642	9.642
699019	10.780	10.880	10.990
699109	9.612	9.747	9.877
699215	10.800	10.830	11.000
699331	10.100	10.200	10.310
699458	9.342	9.402	9.462
699594	9.277	9.372	9.467
699621	9.202	9.292	9.307
699668	10.130	10.220	10.300
699672	8.877	9.022	9.257
699694	10.020	10.180	10.270
699732	9.262	9.407	9.507
699739	9.292	9.342	9.422
699750	9.912	9.987	10.070
699781	10.790	10.930	10.950
699791	9.787	9.857	9.927
699893	9.837	9.897	9.992
699929	9.567	9.672	9.742
699936	9.277	9.277	9.277
699940	10.030	10.050	10.240
699968	9.507	9.642	9.747
699985	10.400	10.470	10.520
700002	9.072	9.292	9.442
700067	8.982	9.082	9.152
700100	9.897	9.902	9.982
700105	8.912	9.022	9.222
700137	9.967	10.170	10.180
700150	9.337	9.397	9.472
700196	9.432	9.512	9.572
700219	9.587	9.752	9.792
700266	9.052	9.132	9.232
700305	9.322	9.392	9.477
700335	10.200	10.260	10.320
700349	9.107	9.227	9.337
700402	9.422	9.502	9.587
700461	9.242	9.317	9.412
700482	9.182	9.252	9.352
700531	8.927	9.102	9.277
700561	9.402	9.482	9.537
700599	10.520	10.530	10.530
700628	9.452	9.462	9.807
700644	9.797	9.802	9.802
700665	9.822	9.917	10.030
700703	9.852	9.857	9.912
700705	10.180	10.260	10.340
700776	9.457	9.512	9.582
700786	9.627	9.732	9.857
700859	11.050	11.060	11.210
700931	9.687	9.812	9.927
700964	9.887	9.977	10.070
701009	9.292	9.387	9.437
701030	9.357	9.467	9.542
701035	9.157	9.222	9.322
701128	9.992	10.110	10.180
701144	9.772	9.802	9.802
701147	10.120	10.280	10.400
701177	9.427	9.517	9.642
701239	9.207	9.217	9.217
701334	9.662	9.677	9.762
701390	10.110	10.270	10.340
701437	10.780	10.790	10.790
701482	10.840	10.910	10.980
701564	9.277	9.372	9.457
701649	9.112	9.237	9.362
701659	9.212	9.297	9.412
701694	10.870	10.910	11.040
701777	10.000	10.100	10.200
701844	10.580	10.700	10.770
701846	8.862	9.007	9.067
701869	9.562	9.647	9.732
702006	10.570	10.570	10.580
702010	9.767	9.772	9.772
702076	9.372	9.442	9.532
702138	10.350	10.410	10.500
702186	10.820	10.920	11.020
702289	10.760	10.830	11.020
702331	9.062	9.342	9.567
702345	8.882	9.007	9.107
702356	8.997	9.202	9.217
702366	8.967	9.147	9.172
702450	9.242	9.317	9.397
702454	8.987	9.052	9.107
702478	8.922	9.192	9.552
702565	8.837	9.007	9.112
702601	10.350	10.350	10.350
702603	10.720	10.780	10.870
702641	9.747	9.812	9.887
702686	9.542	9.622	9.707
702702	9.727	9.822	9.932
702713	9.092	9.142	9.227
702730	11.250	11.340	11.380
702734	11.260	11.370	11.470
702753	9.217	9.267	9.357
702763	10.710	10.710	10.850
702820	8.977	9.102	9.202
702872	8.922	9.112	9.287
702905	9.787	9.892	9.972
702972	9.292	9.392	9.522
703027	9.992	10.080	10.160
703128	9.067	9.172	9.232
703145	9.242	9.422	9.577
703161	9.407	9.507	9.607
703191	10.620	10.700	10.750
703239	11.010	11.180	11.260
703382	9.042	9.142	9.227
703385	9.602	9.667	9.737
703386	10.870	10.950	11.050
703409	9.452	9.532	9.552
703417	9.567	9.602	9.602
703431	8.962	9.087	9.227
703447	9.172	9.257	9.362
703506	8.962	9.027	9.117
703554	9.057	9.157	9.242
703578	9.397	9.462	9.557
703595	8.892	9.092	9.262
703615	9.787	9.837	9.907
703677	9.397	9.402	9.402
703748	9.992	10.160	10.290
703776	9.112	9.227	9.267
703824	9.417	9.457	9.552
703850	10.600	10.670	10.750
703912	9.162	9.272	9.402
703928	9.337	9.342	9.342
704019	8.967	9.037	9.127
704080	11.160	11.250	11.340
704112	9.642	9.652	9.652
704166	9.587	9.622	9.632
704178	10.310	10.310	10.310
704208	9.597	9.602	9.602
704265	9.147	9.282	9.412
704283	8.987	9.352	9.642
704342	10.130	10.220	10.300
704346	10.700	10.760	10.880
704379	10.240	10.250	10.350
704454	9.202	9.252	9.337
704547	8.957	9.022	9.112
704574	9.647	9.692	9.742
704597	9.082	9.242	9.372
704600	9.327	9.407	9.467
704606	9.907	9.977	10.070
704628	10.010	10.080	10.180
704662	9.207	9.262	9.312
704679	9.122	9.202	9.317
704690	10.130	10.260	10.370
704755	9.177	9.227	9.312
704762	9.117	9.122	9.147
704890	9.757	9.827	9.912
704895	8.907	9.012	9.127
704898	8.982	9.067	9.187
704911	8.987	9.042	9.152
704948	9.952	10.040	10.130
704969	9.572	9.572	9.572
705121	10.100	10.110	10.110
705178	9.402	9.477	9.532
705246	9.367	9.427	9.517
705332	10.600	10.680	10.730
705350	10.450	10.590	10.710
705352	10.540	10.670	10.810
705408	9.517	9.592	9.702
705411	9.457	9.677	9.877
705432	9.152	9.222	9.292
705434	9.697	9.772	9.882
705461	9.442	9.607	9.662
705500	10.680	10.690	10.690
705534	10.520	10.590	10.670
705650	9.507	9.592	9.692
705659	9.987	10.040	10.110
705671	9.057	9.112	9.187
705720	9.752	9.827	9.872
705726	9.752	9.932	10.110
705732	9.562	9.647	9.732
705764	8.982	9.157	9.422
705821	9.677	9.732	9.797
705921	9.697	9.792	9.872
705956	8.957	9.042	9.172
705983	9.082	9.152	9.222
705991	10.580	10.650	10.730
706027	9.807	9.867	9.947
706047	9.687	9.777	9.892
706066	10.290	10.340	10.340
706082	10.070	10.080	10.080
706122	10.380	10.480	10.570
706132	9.292	9.372	9.467
706141	9.242	9.352	9.492
706160	10.290	10.390	10.490
706164	9.882	9.907	9.957
706187	10.410	10.460	10.530
706197	10.760	10.760	10.780
706307	9.622	9.682	9.742
706343	10.740	10.870	10.940
706388	9.132	9.222	9.367
706392	10.100	10.100	10.100
706406	9.682	9.702	9.782
706474	10.370	10.450	10.520
706496	8.902	9.037	9.177
706504	9.157	9.292	9.397
706532	9.112	9.447	9.642
706557	9.042	9.282	9.382
706576	8.007	9.517	9.632
706650	9.412	9.522	9.627
706654	9.192	9.222	9.222
706667	9.027	9.107	9.272
706698	8.737	9.287	9.582
706727	10.650	10.780	10.860
706753	10.030	10.140	10.260
706850	10.480	10.540	10.540
706855	10.430	10.430	10.430
706864	10.130	10.160	10.190
706866	10.190	10.250	10.320
706920	10.720	10.730	10.730
706929	10.310	10.480	10.600
706964	9.142	9.247	9.307
706990	9.017	9.127	9.257
706995	10.070	10.120	10.160
707024	9.767	9.777	9.792
707110	10.870	10.950	11.010
707134	9.837	9.837	9.877
707144	10.140	10.260	10.290
707376	9.647	9.727	9.837
707382	10.510	10.520	10.630
707492	8.437	9.187	9.622
707494	10.550	10.650	10.740
707637	9.527	9.622	9.702
707679	9.987	10.080	10.190
707727	9.772	9.797	9.932
707758	10.090	10.110	10.220
707772	9.647	9.732	9.847
707784	9.542	9.662	9.667
707891	8.927	9.042	9.042
707895	9.557	9.627	9.722
708027	9.407	9.497	9.617
708029	10.460	10.540	10.630
708117	9.882	9.947	10.100
708123	8.967	9.117	9.177
708148	9.412	9.457	9.567
708158	9.792	9.902	9.997
708175	10.710	10.880	11.050
708213	9.062	9.152	9.252
708242	9.372	9.507	9.657
708251	9.602	9.682	9.687
708277	10.300	10.390	10.500
708364	9.982	10.100	10.200
708375	9.357	9.577	9.687
708377	9.177	9.237	9.292
708420	9.147	9.277	9.442
708524	9.457	9.537	9.582
708528	9.497	9.567	9.607
708533	9.947	10.040	10.160
708535	10.260	10.300	10.370
708554	9.722	9.802	9.897
708628	8.872	9.037	9.192
708671	10.540	10.550	10.750
708728	8.967	9.037	9.172
708756	9.342	9.432	9.532
708830	10.310	10.390	10.430
708905	10.700	10.760	10.830
708925	9.837	9.932	9.977
708928	10.340	10.460	10.580
709054	10.590	10.750	10.760
709178	9.062	9.117	9.117
709258	9.882	9.927	9.997
709272	9.352	9.572	9.717
709276	9.692	9.802	9.922
709292	9.697	9.742	9.857
709308	9.352	9.352	9.352
709491	9.137	9.222	9.287
709540	9.052	9.142	9.277
709572	10.160	10.260	10.280
709583	9.742	9.827	9.957
709646	10.250	10.270	10.460
709843	8.982	9.107	9.332
709890	10.800	10.800	10.800
709895	10.280	10.370	10.460
709903	10.320	10.440	10.520
710098	9.492	9.597	9.697
710113	9.272	9.382	9.482
710174	9.112	9.187	9.287
710177	9.672	9.817	9.952
710252	8.957	9.057	9.122
710261	10.290	10.340	10.360
710304	8.992	9.042	9.212
710336	9.217	9.297	9.382
710337	9.247	9.247	9.247
710352	9.732	9.742	9.747
710369	9.682	9.852	9.932
710371	9.172	9.307	9.422
710388	9.987	10.080	10.150
710409	9.377	9.457	9.542
710537	11.000	11.090	11.180
710637	9.367	9.452	9.527
710694	8.992	9.162	9.227
710705	9.002	9.052	9.067
710781	10.700	10.800	10.880
710812	10.640	10.640	10.780
710821	10.380	10.380	10.380
710843	9.407	9.507	9.622
711019	9.162	9.342	9.407
711195	9.752	9.872	10.000
711405	9.782	9.877	9.962
711546	9.147	9.282	9.342
711612	9.247	9.332	9.492
711755	9.372	9.477	9.622
711787	9.697	9.767	9.827
711793	9.782	9.847	9.932
711902	10.450	10.460	10.460
711987	9.517	9.602	9.667
712032	9.642	9.717	9.822
712144	10.730	10.790	10.920
712146	9.102	9.197	9.272
712150	8.957	9.002	9.012
712216	10.670	10.760	10.890
712224	10.120	10.250	10.290
712272	10.380	10.420	10.480
712293	8.962	9.197	9.397
712340	9.057	9.222	9.292
712348	9.052	9.137	9.237
712390	9.227	9.357	9.442
712391	9.287	9.357	9.497
712403	9.747	9.877	9.977
712418	9.247	9.307	9.377
712447	9.632	9.722	9.822
712455	9.002	9.057	9.142
712597	9.132	9.197	9.227
712607	9.297	9.392	9.497
712656	9.067	9.137	9.202
712737	9.112	9.332	9.417
712809	9.077	9.152	9.262
712886	8.737	9.092	9.277
712925	9.322	9.402	9.522
712926	9.292	9.372	9.537
712974	8.707	9.072	9.367
713039	10.430	10.430	10.500
713045	9.447	9.557	9.562
713107	9.642	9.747	9.852
713268	9.312	9.512	9.702
713289	8.882	9.087	9.192
713298	9.672	9.727	9.782
713329	9.822	9.827	9.827
713414	9.892	9.992	9.992
713446	10.460	10.600	10.740
713477	10.170	10.270	10.330
713492	8.932	9.022	9.127
713520	9.357	9.617	9.867
713545	9.237	9.387	9.517
713550	9.102	9.152	9.212
713595	10.230	10.300	10.360
713636	8.922	9.092	9.202
713683	9.007	9.017	9.022
713720	10.840	10.900	10.960
713734	9.337	9.517	9.517
713913	9.742	9.882	10.030
713927	10.670	10.690	10.770
713953	9.172	9.262	9.397
714041	9.382	9.502	9.637
714049	9.667	9.672	9.672
714092	10.190	10.500	10.760
714112	9.362	9.462	9.582
714194	9.267	9.267	9.267
714248	9.207	9.322	9.332
714267	9.492	9.562	9.567
714287	10.840	11.030	11.120
714376	9.477	9.497	9.572
714389	9.142	9.252	9.337
714532	9.527	9.622	9.717
714573	9.002	9.092	9.202
714634	9.042	9.107	9.202
714660	10.000	10.000	10.270
714685	9.502	9.707	9.782
714721	10.140	10.140	10.140
714741	9.072	9.287	9.287
714747	10.830	10.840	10.980
714793	9.942	10.010	10.010
714819	9.362	9.402	9.482
714835	10.480	10.480	10.850
714917	9.842	9.917	10.010
714974	9.667	9.732	9.812
715017	9.917	10.090	10.270
715038	10.230	10.310	10.390
715044	10.390	10.440	10.530
715209	9.697	9.742	9.802
715247	10.030	10.090	10.170
715279	10.020	10.080	10.170
715283	9.747	9.867	9.982
715296	10.910	11.070	11.210
715336	9.897	9.957	10.030
715372	9.062	9.067	9.107
715399	10.630	10.640	10.640
715546	10.190	10.190	10.330
715591	11.000	11.060	11.160
715592	9.222	9.257	9.362
715654	9.087	9.167	9.277
715700	10.640	10.720	10.760
715767	10.610	10.660	10.760
715927	9.262	9.352	9.452
715935	10.480	10.560	10.700
715964	9.487	9.552	9.642
716000	10.570	10.630	10.710
716088	9.987	10.030	10.090
716110	8.922	9.057	9.182
716139	9.692	9.757	9.817
716269	9.667	9.807	9.967
716351	9.377	9.452	9.537
716418	9.817	9.897	9.997
716455	9.187	9.287	9.367
716483	9.392	9.467	9.617
716518	9.497	9.502	9.502
716531	9.557	9.697	9.792
716624	9.142	9.202	9.307
716656	10.510	10.650	10.740
716729	10.390	10.470	10.520
716735	9.642	9.712	9.782
716747	9.892	9.997	10.130
716752	9.357	9.422	9.502
716769	8.847	9.077	9.217
716876	10.210	10.210	10.210
716924	10.680	10.780	10.860
717027	10.250	10.340	10.440
717039	9.712	9.787	9.847
717089	9.487	9.577	9.662
717144	10.320	10.330	10.330
717151	8.947	9.037	9.072
717268	9.762	9.922	10.010
717304	9.222	9.282	9.367
717310	9.647	9.767	9.782
717340	9.307	9.322	9.332
717361	9.987	10.100	10.210
717369	9.207	9.347	9.507
717452	9.852	9.937	10.030
717503	9.902	9.997	10.080
717508	9.187	9.327	9.457
717509	10.890	10.900	10.910
717612	10.390	10.430	10.510
717649	10.560	10.570	10.570
717656	9.677	9.682	9.682
717669	9.467	9.552	9.632
717671	9.302	9.447	9.512
717676	9.897	9.962	10.030
717689	9.777	9.897	9.997
717690	9.612	9.782	9.842
717694	9.387	9.502	9.557
717707	9.767	9.807	9.917
717736	9.617	9.742	9.772
717762	8.897	9.077	9.167
717799	9.087	9.147	9.232
717836	10.120	10.180	10.360
717859	9.947	10.050	10.110
717941	8.912	9.127	9.282
717979	10.060	10.180	10.310
717991	8.887	9.002	9.112
718007	9.057	9.097	9.187
718026	9.967	10.060	10.130
718098	10.320	10.520	10.700
718133	9.382	9.387	9.392
718148	9.927	10.010	10.080
718150	9.452	9.632	9.657
718171	9.872	9.877	9.877
718178	10.820	10.950	11.130
718242	9.597	9.602	9.607
718380	8.882	9.072	9.217
718385	10.340	10.520	10.680
718393	10.030	10.180	10.290
718439	9.322	9.442	9.607
718448	9.987	10.070	10.140
718499	10.600	10.600	10.630
718534	9.382	9.477	9.537
718545	9.922	10.020	10.120
718657	9.082	9.152	9.232
718669	9.537	9.622	9.727
718682	10.230	10.250	10.260
718717	10.520	11.110	11.300
718780	9.372	9.462	9.572
718893	9.842	9.932	10.020
718905	9.002	9.172	9.307
718935	10.070	10.130	10.210
718993	10.590	10.670	10.760
719122	9.402	9.497	9.602
719170	9.327	9.402	9.482
719183	9.452	9.457	9.582
719200	9.642	9.752	9.857
719263	10.330	10.400	10.460
719290	9.272	9.272	9.272
719310	9.707	9.707	9.707
719356	9.552	9.687	9.807
719422	8.942	9.007	9.092
719432	9.137	9.197	9.252
719522	10.190	10.260	10.360
719540	9.572	9.637	9.727
719687	10.710	10.710	10.710
719694	9.082	9.317	9.527
719716	10.410	10.490	10.540
719720	10.140	10.190	10.250
719736	10.450	10.500	10.560
719744	9.302	9.482	9.607
719788	10.140	10.200	10.270
719791	9.702	9.922	9.922
719827	10.400	10.450	10.490
719900	9.167	9.252	9.342
719931	9.792	9.852	9.877
719960	9.147	9.187	9.247
720054	10.990	10.990	11.180
720078	9.337	9.427	9.552
720248	9.217	9.357	9.422
720443	9.422	9.572	9.627
720567	9.157	9.272	9.357
720624	10.970	11.080	11.150
720654	9.162	9.242	9.277
720677	9.722	9.782	9.852
720726	9.482	9.587	9.677
720751	9.367	9.617	9.832
720763	10.750	10.810	10.880
720821	9.227	9.237	9.257
720835	9.407	9.412	9.647
720903	10.150	10.150	10.150
720948	9.987	10.140	10.220
720956	10.610	10.820	10.820
720973	9.332	9.457	9.567
720987	10.190	10.250	10.290
720994	9.022	9.062	9.157
721028	11.010	11.020	11.060
721109	11.070	11.220	11.280
721115	9.212	9.287	9.352
721138	10.500	10.630	10.730
721166	8.997	9.142	9.247
721194	10.030	10.050	10.060
721201	9.447	9.602	9.722
721267	9.382	9.582	9.677
721273	10.800	10.900	10.970
721284	9.712	9.712	9.717
721324	9.312	9.317	9.317
721375	9.722	9.917	10.080
721386	9.062	9.242	9.482
721511	8.717	9.057	9.477
721526	9.172	9.267	9.387
721540	9.212	9.352	9.467
721567	8.877	9.027	9.212
721593	9.602	9.662	9.762
721640	8.947	9.097	9.422
721667	9.632	9.747	9.872
721700	8.932	9.097	9.257
721732	9.027	9.107	9.172
721760	9.337	9.422	9.487
721783	9.007	9.067	9.222
721811	9.477	9.557	9.572
721814	9.167	9.327	9.467
721816	10.070	10.080	10.090
721873	10.060	10.060	10.060
721989	9.527	9.612	9.722
722164	9.637	9.712	9.777
722202	10.390	10.470	10.530
722204	8.722	9.512	9.592
722232	10.050	10.080	10.140
722341	9.572	9.662	9.762
722449	9.467	9.527	9.597
722502	9.482	9.657	9.752
722512	9.527	9.627	9.742
722556	9.497	9.557	9.622
722560	8.802	9.007	9.167
722578	9.302	9.402	9.517
722595	8.962	9.102	9.232
722687	8.962	9.047	9.177
722723	10.420	10.420	10.430
722730	10.240	10.320	10.420
722862	9.482	9.482	10.100
722926	9.322	9.447	9.572
722990	9.042	9.122	9.152
723052	9.917	9.962	10.200
723063	9.607	9.617	9.657
723113	9.102	9.102	9.102
723152	8.882	9.022	9.177
723185	10.080	10.210	10.280
723187	9.367	9.442	9.552
723203	10.300	10.390	10.510
723248	9.112	9.192	9.272
723271	9.602	9.687	9.767
723339	10.500	10.500	10.500
723487	9.012	9.087	9.182
723545	9.082	9.152	9.282
723569	10.170	10.250	10.260
723900	10.090	10.100	10.110
723901	9.362	9.487	9.617
724085	8.917	9.077	9.332
724089	9.082	9.167	9.272
724098	10.270	10.370	10.480
724217	9.407	9.502	9.597
724265	10.540	10.580	10.670
724281	9.267	9.417	9.582
724288	9.902	9.932	10.030
724419	9.792	9.872	9.972
724462	9.307	9.307	9.517
724480	9.852	9.852	9.857
724588	9.357	9.502	9.647
724634	11.210	11.270	11.350
724650	9.677	9.882	9.967
724765	10.820	10.840	10.990
724919	9.132	9.252	9.352
724921	11.100	11.220	11.300
725030	9.247	9.372	9.497
725116	10.300	10.340	10.340
725172	9.587	9.687	9.812
725264	9.187	9.327	9.417
725265	9.267	9.342	9.492
725290	9.347	9.392	9.492
725316	10.530	10.580	10.650
725455	9.437	9.557	9.622
725500	9.817	9.922	10.010
725524	9.407	9.482	9.542
725725	8.897	9.017	9.137
725749	8.987	9.057	9.202
725915	10.080	10.140	10.200
725953	9.182	9.292	9.417
725982	10.810	10.840	10.980
726128	9.417	9.517	9.657
726198	8.987	9.137	9.237
726223	9.887	9.947	10.030
726324	10.380	10.450	10.550
726368	9.787	9.977	10.140
726400	9.317	9.422	9.527
726472	9.182	9.252	9.397
726503	9.122	9.197	9.347
726514	9.352	9.422	9.522
726532	8.977	9.082	9.182
726594	9.657	9.767	9.872
726641	9.192	9.267	9.352
726646	9.007	9.017	9.057
726678	10.420	10.470	10.520
726755	9.372	9.487	9.597
726853	9.347	9.352	9.377
726857	10.850	10.910	11.000
727208	9.227	9.307	9.397
727239	9.332	9.442	9.552
727250	9.077	9.192	9.252
727278	10.310	10.420	10.510
727281	9.442	9.547	9.547
727323	9.962	10.040	10.120
727381	9.377	9.442	9.472
727424	10.180	10.230	10.240
727554	10.670	10.690	10.690
727593	10.650	10.660	10.660
727637	9.647	9.717	9.797
727682	9.067	9.197	9.362
727706	9.042	9.232	9.387
727782	8.887	9.052	9.087
727877	10.440	10.480	10.570
727893	9.532	9.632	9.652
727894	9.952	9.957	9.972
727910	10.310	10.440	10.590
727952	10.760	10.830	10.930
728078	10.490	10.500	10.500
728130	9.677	9.692	9.712
728171	9.992	10.000	10.090
728199	10.540	10.600	10.700
728217	10.590	10.620	10.650
728237	9.907	10.020	10.080
728311	10.080	10.370	10.760
728387	8.477	9.102	9.417
728493	9.287	9.407	9.407
728517	9.402	9.482	9.567
728555	9.967	10.030	10.110
728607	9.997	10.200	10.340
728615	9.832	9.897	9.922
728647	10.050	10.100	10.150
728656	8.647	9.017	9.247
728687	10.870	10.950	11.020
728688	8.887	9.017	9.137
728690	10.770	10.880	10.960
728705	9.862	9.982	10.110
728718	10.000	10.050	10.060
728786	9.737	9.742	9.742
728805	9.697	9.697	9.702
728900	9.372	9.627	9.852
728970	9.002	9.072	9.112
728988	9.772	9.927	9.967
728994	9.112	9.327	9.507
729054	8.987	9.147	9.292
729069	9.222	9.252	9.412
729084	10.100	10.150	10.220
729100	9.607	9.752	9.772
729122	8.977	9.007	9.187
729288	9.667	9.812	10.090
729289	9.732	9.812	9.932
729355	9.777	9.947	9.967
729356	10.680	10.680	10.680
729432	10.110	10.110	10.250
729460	10.060	10.120	10.160
729494	9.342	9.407	9.472
729510	9.312	9.367	9.447
729625	9.047	9.132	9.187
729644	9.182	9.487	9.802
729784	10.280	10.430	10.430
729808	9.587	9.697	9.917
730008	9.212	9.252	9.357
730049	9.087	9.087	9.087
730066	9.352	9.432	9.522
730084	9.907	9.972	10.040
730105	10.160	10.240	10.320
730136	9.132	9.242	9.352
730237	9.057	9.092	9.222
730263	9.992	10.060	10.140
730268	9.467	9.547	9.652
730303	10.590	10.650	10.700
730406	9.262	9.262	9.262
730418	9.002	9.032	9.122
730462	9.802	10.010	10.070
730517	10.130	10.260	10.370
730550	9.707	9.762	9.787
730634	9.247	9.347	9.367
730643	9.202	9.257	9.302
730693	9.627	9.732	9.842
730703	9.247	9.277	9.407
730799	9.242	9.362	9.502
730800	9.517	9.607	9.682
730802	8.977	9.082	9.197
730855	9.062	9.067	9.067
730899	9.847	9.907	9.972
730928	9.747	9.762	9.762
731087	10.160	10.260	10.330
731098	9.842	9.842	9.852
731140	9.607	9.872	9.877
731215	9.827	9.917	10.040
731260	9.692	9.727	9.812
731383	10.650	10.750	10.830
731393	9.897	9.947	10.020
731430	9.132	9.447	9.772
731479	10.400	10.400	10.440
731518	9.422	9.427	9.427
731523	9.777	9.782	9.787
731599	9.417	9.502	9.562
731614	10.540	10.680	10.800
731635	10.660	10.820	10.910
731653	11.040	11.070	11.120
731759	9.172	9.247	9.322
731761	9.857	9.962	10.090
731767	9.327	9.392	9.457
731808	9.112	9.232	9.342
731821	10.390	10.550	10.690
731829	9.287	9.427	9.537
731888	10.700	10.780	10.850
731979	9.167	9.307	9.507
732015	9.577	9.652	9.717
732021	9.647	9.647	9.652
732041	9.007	9.062	9.172
732183	9.467	9.597	9.622
732194	9.357	9.507	9.627
732257	8.907	9.022	9.107
732383	9.972	10.090	10.150
732414	9.687	9.797	9.867
732424	10.710	10.790	10.860
732576	10.660	10.720	10.740
732578	10.990	11.110	11.210
732619	10.020	10.180	10.310
732667	9.142	9.242	9.347
732807	10.180	10.230	10.290
732809	10.100	10.170	10.220
732834	10.490	10.530	10.620
732877	8.907	9.012	9.097
732936	10.250	10.260	10.260
733012	9.627	9.632	9.632
733032	8.962	9.112	9.217
733100	9.577	9.622	9.777
733161	9.347	9.362	9.432
733164	10.100	10.200	10.210
733305	9.537	9.542	9.542
733315	10.060	10.240	10.400
733379	9.202	9.267	9.382
733467	10.490	10.610	10.670
733483	10.730	10.790	10.900
733496	9.522	9.622	9.762
733607	9.172	9.247	9.372
733700	9.037	9.122	9.167
733708	9.807	9.807	9.807
733728	9.332	9.427	9.552
733774	10.200	10.260	10.350
733794	9.767	9.787	9.797
733829	10.070	10.190	10.250
733907	10.910	11.030	11.120
733998	9.082	9.222	9.392
734008	9.712	9.797	9.872
734011	9.352	9.472	9.567
734026	9.922	9.972	10.040
734052	9.262	9.342	9.432
734063	9.132	9.202	9.257
734181	9.887	9.897	9.897
734191	9.777	9.862	9.947
734252	9.842	9.842	10.010
734308	9.652	9.752	9.842
734313	10.590	10.670	10.770
734403	9.987	10.050	10.130
734513	9.432	9.492	9.557
734542	9.252	9.322	9.422
734547	9.307	9.387	9.467
734574	9.267	9.332	9.447
734601	10.240	10.380	10.540
734648	10.750	10.790	10.950
734674	9.332	9.437	9.547
734677	8.832	9.002	9.197
734678	10.590	10.760	10.850
734833	10.570	10.600	10.660
734931	8.927	9.082	9.192
734968	9.112	9.247	9.432
735000	9.612	9.787	9.937
735101	9.257	9.282	9.407
735141	9.607	9.782	9.922
735151	9.162	9.247	9.337
735160	9.232	9.377	9.452
735165	9.842	9.922	10.010
735190	9.207	9.317	9.387
735194	9.442	9.507	9.537
735261	10.910	10.920	10.920
735330	9.297	9.402	9.617
735386	9.982	10.300	10.310
735452	8.912	9.002	9.057
735466	8.992	9.097	9.202
735542	9.512	9.557	9.792
735581	9.077	9.147	9.287
735627	9.192	9.282	9.367
735750	9.172	9.287	9.332
735832	10.150	10.270	10.410
735992	9.442	9.532	9.612
736036	9.312	9.462	9.547
736046	10.250	10.300	10.340
736047	8.912	9.562	10.120
736082	9.347	9.527	9.632
736125	9.307	9.412	9.537
736132	9.042	9.147	9.177
736164	9.007	9.072	9.132
736168	9.052	9.137	9.227
736197	9.697	9.807	9.902
736204	8.887	9.087	9.197
736205	10.490	10.580	10.660
736275	9.967	9.997	9.997
736398	9.292	9.427	9.477
736401	10.050	10.150	10.220
736419	10.990	11.120	11.200
736474	9.427	9.442	9.507
736478	10.160	10.160	10.180
736479	9.407	9.807	10.270
736482	10.020	10.120	10.220
736511	9.117	9.142	9.447
736515	9.347	9.532	9.622
736626	9.017	9.087	9.152
736641	8.957	9.047	9.117
736871	9.052	9.142	9.292
736893	10.310	10.310	10.320
736944	9.887	9.947	10.040
736980	9.247	9.267	9.372
737048	10.250	10.310	10.370
737121	9.782	9.857	9.922
737126	10.750	10.890	11.000
737173	10.100	10.110	10.110
737176	9.117	9.222	9.347
737179	9.272	9.437	9.622
737231	9.127	9.137	9.142
737250	9.172	9.257	9.327
737293	10.430	10.590	10.730
737301	10.640	10.830	10.970
737313	9.677	9.702	9.702
737316	10.880	10.960	11.040
737328	10.300	10.370	10.450
737355	10.560	10.570	10.570
737413	10.270	10.270	10.320
737426	9.337	9.432	9.572
737496	9.037	9.107	9.192
737515	9.612	9.622	9.622
737526	10.630	10.770	10.860
737603	10.590	10.650	10.710
737655	9.947	10.050	10.190
737694	8.972	9.172	9.332
737747	8.992	9.072	9.242
737749	9.137	9.202	9.267
737821	10.080	10.150	10.230
737829	9.442	9.547	9.662
737830	9.407	9.477	9.567
737847	8.907	9.007	9.172
737904	10.290	10.290	10.290
737963	9.492	9.567	9.642
737968	9.367	9.477	9.612
738007	9.787	9.862	9.942
738023	9.822	9.897	9.982
738063	10.360	10.360	10.420
738081	8.647	9.147	9.377
738115	9.652	9.652	9.657
738122	8.872	9.002	9.057
738123	10.070	10.150	10.230
738254	9.697	9.702	9.702
738382	11.080	11.170	11.290
738553	8.937	9.002	9.072
738670	9.167	9.247	9.322
738710	10.110	10.260	10.400
738730	9.622	9.712	9.807
738778	9.352	9.427	9.592
738807	9.162	9.317	9.502
738868	9.607	9.722	9.842
738896	9.292	9.372	9.472
739001	8.957	9.052	9.132
739005	9.297	9.342	9.417
739058	9.097	9.202	9.317
739078	8.812	9.107	9.392
739080	9.662	9.737	9.837
739129	9.142	9.177	9.272
739234	9.207	9.272	9.342
739277	9.482	9.557	9.647
739282	9.317	9.427	9.567
739291	9.167	9.252	9.317
739318	9.097	9.097	9.097
739358	9.587	9.682	9.787
739377	9.632	9.817	9.997
739403	9.122	9.202	9.347
739437	8.932	9.027	9.122
739453	9.297	9.397	9.482
739479	8.922	9.037	9.092
739522	8.862	9.042	9.242
739539	9.392	9.472	9.582
739590	9.517	9.587	9.667
739671	8.992	9.002	9.077
739676	10.740	10.740	10.740
739688	9.097	9.252	9.422
739720	9.712	9.772	9.832
739767	10.510	10.600	10.630
739802	9.082	9.107	9.207
739815	9.227	9.272	9.337
739818	9.617	9.767	9.932
739962	9.982	9.987	10.110
739987	9.707	9.712	9.712
740006	10.870	10.950	11.040
740083	10.010	10.320	10.330
740187	9.187	9.207	9.242
740455	9.447	9.577	9.707
740477	9.622	9.702	9.762
740618	9.097	9.182	9.302
740647	9.947	10.050	10.090
740698	9.027	9.167	9.217
740772	10.500	10.560	10.630
740774	10.440	10.500	10.710
740888	8.892	9.052	9.117
740893	9.422	9.497	9.552
740894	9.177	9.342	9.537
740939	9.567	9.657	9.772
740972	9.547	9.667	9.672
741074	9.187	9.242	9.357
741081	9.447	9.572	9.717
741093	10.120	10.160	10.220
741189	9.082	9.142	9.217
741267	10.350	10.410	10.450
741332	10.290	10.360	10.430
741458	10.790	10.810	10.870
741459	9.447	9.467	9.497
741475	9.707	9.797	9.927
741493	9.457	9.542	9.577
741515	10.140	10.200	10.270
741567	10.110	10.180	10.240
741618	9.497	9.562	9.667
741636	10.880	10.910	10.980
741649	9.252	9.322	9.362
741720	10.150	10.210	10.290
741832	9.077	9.217	9.227
741929	9.177	9.247	9.372
741936	9.832	9.887	9.942
741960	9.487	9.572	9.682
742029	10.000	10.000	10.000
742043	9.152	9.197	9.317
742049	10.460	10.520	10.590
742123	9.802	9.857	9.922
742170	9.077	9.142	9.207
742242	9.117	9.247	9.397
742246	9.592	9.712	9.817
742417	8.872	9.092	9.242
742594	10.700	10.720	10.730
742608	9.702	9.737	9.777
742659	9.802	9.812	9.842
742664	8.917	9.102	9.182
742683	10.200	10.310	10.330
742761	9.307	9.312	9.317
742762	9.202	9.297	9.387
742770	10.600	10.630	10.740
742778	10.500	10.580	10.630
742782	10.410	10.560	10.600
742908	10.620	10.700	10.770
742921	9.297	9.387	9.492
742951	9.272	9.397	9.512
743033	9.082	9.112	9.222
743036	9.762	9.837	9.932
743095	10.020	10.030	10.070
743105	8.952	9.047	9.137
743135	9.067	9.067	9.067
743188	10.650	10.710	10.790
743195	8.852	9.077	9.152
743204	9.272	9.677	9.687
743217	9.012	9.082	9.297
743225	9.427	9.432	9.817
743256	9.287	9.362	9.482
743288	9.577	9.637	9.687
743297	9.872	9.992	10.100
743348	10.450	10.500	10.560
743421	9.162	9.242	9.397
743422	9.172	9.372	9.537
743431	10.400	10.530	10.560
743634	10.320	10.400	10.490
743693	9.657	9.837	9.962
743711	10.750	10.840	10.860
743731	9.582	9.657	9.737
743738	9.422	9.492	9.612
743791	9.312	9.312	9.312
743830	9.392	9.437	9.482
743909	9.102	9.162	9.187
743970	10.030	10.100	10.140
743971	9.792	9.852	9.932
743980	10.380	10.560	10.660
744020	10.400	10.480	10.570
744036	9.897	9.902	9.902
744042	10.490	10.630	10.710
744089	9.982	10.000	10.180
744133	9.157	9.387	9.452
744165	10.130	10.220	10.300
744214	9.972	10.010	10.100
744247	9.732	9.772	9.832
744279	8.852	9.027	9.092
744325	9.022	9.072	9.142
744409	10.590	10.630	10.660
744422	9.882	9.887	9.887
744460	9.572	9.697	9.797
744464	10.600	10.690	10.810
744512	9.467	9.547	9.617
744739	9.902	9.977	10.100
744744	10.520	10.520	10.520
744778	9.122	9.197	9.322
744857	9.672	9.742	9.847
744940	9.157	9.312	9.427
744991	10.740	10.840	10.870
745017	10.410	10.480	10.600
745162	10.030	10.140	10.170
745263	10.410	10.440	10.470
745376	9.297	9.472	9.587
745387	9.767	9.857	9.987
745645	8.002	9.007	9.012
745808	10.460	10.590	10.630
745823	9.767	9.842	9.902
745855	10.810	10.920	11.060
745879	9.147	9.277	9.332
745908	9.292	9.402	9.512
745960	10.680	10.770	10.870
746001	8.942	9.197	9.337
746021	8.967	9.117	9.272
746056	9.102	9.112	9.177
746077	9.542	9.737	9.737
746096	9.477	9.577	9.692
746120	8.927	9.012	9.167
746162	10.650	10.790	10.840
746215	9.407	9.497	9.562
746322	9.292	9.447	9.602
746398	9.202	9.312	9.462
746473	10.190	10.260	10.340
746491	9.382	9.552	9.737
746497	8.922	9.012	9.167
746538	9.482	9.567	9.672
746549	10.140	10.720	10.940
746552	9.817	9.932	10.040
746630	9.012	9.152	9.217
746669	9.792	9.862	9.927
746694	9.382	9.612	9.757
746767	8.917	9.032	9.127
746796	10.150	10.150	10.150
746830	9.872	9.952	10.030
746899	9.127	9.267	9.432
746986	10.220	10.290	10.360
747040	9.637	9.642	9.642
747099	9.122	9.232	9.317
747162	10.840	10.920	11.110
747169	9.257	9.457	9.492
747201	9.182	9.247	9.292
747295	10.390	10.470	10.570
747350	10.560	10.590	10.610
747381	10.510	10.540	10.650
747400	9.482	9.642	9.727
747412	10.260	10.360	10.420
747422	9.272	9.357	9.457
747424	9.067	9.412	9.647
747536	9.472	9.572	9.662
747615	10.360	10.360	10.470
747717	9.027	9.047	9.172
747742	9.652	9.747	9.907
747887	10.430	10.440	10.440
747900	9.182	9.237	9.317
747954	8.952	9.087	9.217
747956	9.372	9.467	9.597
748025	9.667	9.802	9.877
748063	9.912	10.050	10.180
748101	9.787	9.907	10.030
748114	9.807	9.862	9.962
748134	9.922	9.977	10.050
748150	10.410	10.470	10.530
748152	10.220	10.240	10.350
748205	9.942	9.942	10.360
748266	9.242	9.287	9.402
748448	8.967	9.067	9.147
748590	9.742	9.837	9.942
748658	10.330	10.430	10.550
748673	10.020	10.090	10.200
748682	9.117	9.322	9.387
748684	8.927	9.027	9.107
748689	9.142	9.147	9.147
748700	10.470	10.520	10.600
748797	9.537	9.747	9.882
748847	10.400	10.540	10.670
748869	9.422	9.457	9.462
748874	8.892	9.027	9.192
748952	9.237	9.337	9.347
749065	9.657	9.737	9.842
749201	9.477	9.627	9.732
749255	9.402	9.507	9.512
749286	10.600	10.680	10.740
749315	9.512	9.587	9.662
749383	10.090	10.170	10.280
749448	9.332	9.337	9.337
749494	9.057	9.167	9.237
749568	9.302	9.302	9.302
749596	9.357	9.437	9.562
749668	9.067	9.262	9.482
749670	9.712	9.717	9.767
749743	9.107	9.267	9.507
749773	9.182	9.242	9.312
749790	9.312	9.382	9.512
749797	8.947	9.062	9.142
749884	9.637	9.697	9.762
749925	9.407	9.542	9.692
750002	10.510	10.650	10.800
750066	10.020	10.110	10.190
750195	10.240	10.320	10.420
750216	9.947	10.040	10.140
750243	9.172	9.232	9.257
750332	9.777	9.867	9.942
750371	9.912	10.120	10.140
750635	9.287	9.512	9.702
750685	8.907	9.002	9.112
750716	9.477	9.982	10.150
750804	10.120	10.230	10.350
750835	10.250	10.330	10.410
750890	9.992	10.080	10.140
750914	9.607	9.852	9.862
751124	10.220	10.300	10.360
751132	9.132	9.212	9.282
751169	9.187	9.262	9.382
751295	9.947	10.080	10.180
751343	9.402	9.617	9.682
751357	9.167	9.247	9.332
751484	9.332	9.437	9.537
751499	10.140	10.270	10.300
751525	10.710	10.720	10.850
751888	9.887	9.907	9.907
752039	9.002	9.132	9.307
752041	9.112	9.192	9.252
752142	9.012	9.177	9.192
752147	8.872	9.102	9.217
752174	9.252	9.377	9.507
752177	9.412	9.492	9.632
752182	9.262	9.327	9.392
752256	9.277	9.337	9.427
752319	9.342	9.352	9.397
752436	9.337	9.507	9.652
752519	9.237	9.302	9.657
752678	10.180	10.230	10.340
752761	10.650	10.730	10.850
752837	9.247	9.397	9.527
752845	9.337	9.352	9.377
752875	9.422	9.527	9.607
752888	9.582	9.597	9.762
752981	9.257	9.317	9.432
753015	9.222	9.272	9.342
753135	9.817	9.882	9.967
753155	10.190	10.190	10.400
753184	9.497	9.657	9.762
753240	10.350	10.360	10.500
753317	9.827	9.877	9.982
753463	9.587	9.667	9.822
753492	10.580	10.610	10.610
753614	9.247	9.387	9.547
753676	11.010	11.100	11.210
753738	9.347	9.387	9.522
753767	10.650	10.770	10.850
753783	10.370	10.450	10.470
753874	9.657	9.717	9.807
754004	9.667	9.762	9.952
754042	9.817	9.887	9.952
754055	8.922	9.077	9.217
754265	9.632	9.752	9.842
754419	10.830	10.930	11.030
754474	9.562	9.667	9.752
754500	10.540	10.630	10.710
754550	9.152	9.332	9.492
754841	10.820	10.860	11.000
754882	9.787	9.892	9.942
754934	10.610	10.650	10.700
754955	9.382	9.527	9.622
755009	8.662	9.067	9.362
755014	9.617	10.020	10.290
755068	10.500	10.590	10.690
755083	9.192	9.277	9.317
755092	9.077	9.157	9.232
755122	9.252	9.312	9.392
755327	9.052	9.222	9.372
755375	10.820	10.820	10.970
755432	9.157	9.227	9.292
755491	10.030	10.030	10.040
755533	8.967	9.167	9.332
755577	9.372	9.482	9.547
755587	10.260	10.260	10.260
755613	9.322	9.627	9.832
755689	9.147	9.277	9.457
755722	9.497	9.497	9.602
755757	9.762	9.842	9.957
755769	9.412	9.527	9.632
755804	9.567	9.642	9.762
755816	10.040	10.130	10.200
755990	9.812	9.817	9.817
756171	10.090	10.160	10.240
756200	9.762	9.862	9.882
756208	10.500	10.640	10.660
756242	9.817	9.817	9.822
756243	9.052	9.112	9.162
756388	10.180	10.330	10.430
756415	9.057	9.157	9.232
756419	10.290	10.430	10.450
756497	9.757	10.150	10.410
756506	9.452	9.547	9.642
756638	9.332	9.392	9.547
756681	9.512	9.517	9.517
756723	10.000	10.070	10.140
756728	10.940	11.130	11.250
756822	10.710	10.900	10.900
756834	10.250	10.350	10.450
756865	10.300	10.400	10.480
756878	9.382	9.502	9.627
757001	9.297	9.387	9.497
757075	10.420	10.530	10.640
757127	9.297	9.302	9.302
757142	10.280	10.330	10.430
757199	10.980	11.090	11.100
757215	10.870	11.000	11.100
757244	9.212	9.302	9.377
757245	9.087	9.167	9.252
757290	8.937	9.067	9.162
757364	10.600	10.720	10.850
757386	9.512	9.697	9.757
757398	10.210	10.220	10.220
757402	9.762	9.852	9.997
757542	9.827	9.922	9.997
757559	9.482	9.592	9.607
757618	9.442	9.447	9.447
757715	10.400	10.420	10.420
757732	10.360	10.510	10.630
757852	8.927	9.047	9.177
758168	10.470	10.530	10.610
758171	10.090	10.230	10.340
758223	9.232	9.257	9.317
758267	9.662	9.727	9.797
758280	9.082	9.152	9.202
758295	9.072	9.127	9.227
758299	9.147	9.232	9.257
758359	9.767	9.842	9.952
758389	10.330	10.390	10.480
758397	9.072	9.157	9.187
758516	9.237	9.307	9.387
758525	9.367	9.462	9.542
758577	9.342	9.407	9.502
758596	10.890	11.020	11.100
758613	8.907	9.002	9.157
758639	10.210	10.210	10.210
758749	9.202	9.277	9.377
758850	9.007	9.087	9.167
758857	10.060	10.070	10.070
758861	9.597	9.697	9.807
758865	8.987	9.107	9.252
758885	9.237	9.367	9.492
758968	10.480	10.540	10.620
759025	10.360	10.430	10.510
759038	9.087	9.097	9.097
759041	10.030	10.120	10.200
759049	9.442	9.452	9.572
759086	9.702	9.792	9.927
759141	9.747	9.872	9.987
759145	9.307	9.397	9.532
759183	8.327	9.032	9.367
759255	10.620	10.620	10.750
759281	9.357	9.512	9.662
759300	10.950	11.100	11.210
759337	9.907	10.060	10.180
759514	9.042	9.207	9.492
759522	10.350	10.360	10.360
759541	9.472	9.537	9.587
759549	9.912	9.912	9.912
759612	9.272	9.277	9.277
759685	9.417	9.577	9.732
759699	10.750	10.830	10.940
759734	9.767	9.827	9.922
759778	9.422	9.482	9.572
759794	10.620	10.710	10.800
759856	9.042	9.092	9.172
759901	8.947	9.117	9.242
759904	9.117	9.207	9.317
759918	9.387	9.397	9.577
759919	9.152	9.237	9.332
759922	9.872	10.000	10.140
759953	10.210	10.320	10.430
759957	9.517	9.592	9.677
760038	9.832	10.010	10.030
760172	10.100	10.110	10.110
760174	9.992	10.040	10.080
760251	10.480	10.560	10.650
760372	9.447	9.552	9.777
760404	10.460	10.500	10.550
760424	8.947	9.037	9.147
760437	9.752	9.792	9.792
760440	9.487	9.492	9.692
760470	9.737	9.802	9.902
760476	10.760	10.910	10.940
760512	10.310	10.360	10.480
760634	9.952	10.020	10.110
760773	9.507	9.642	9.727
760794	10.060	10.130	10.140
760830	9.027	9.127	9.272
760843	11.090	11.170	11.240
760849	9.087	9.297	9.382
760882	8.612	9.262	9.542
761059	10.080	10.090	10.100
761062	9.217	9.337	9.417
761276	9.162	9.232	9.317
761294	10.030	10.190	10.230
761325	9.557	9.652	9.727
761330	8.997	9.242	9.362
761469	10.020	10.120	10.190
761480	9.142	9.272	9.402
761635	10.260	10.340	10.420
761771	9.197	9.327	9.587
761919	9.522	9.642	9.782
762120	10.000	10.100	10.190
762125	9.067	9.162	9.182
762158	10.010	10.010	10.010
762178	9.227	9.272	9.357
762182	10.180	10.200	10.330
762256	8.917	9.272	9.387
762259	10.740	10.750	10.890
762292	10.290	10.470	10.600
762367	9.477	9.547	9.627
762451	9.062	9.172	9.187
762510	9.847	9.932	9.972
762537	9.177	9.187	9.192
762603	10.200	10.270	10.330
762610	8.927	9.012	9.122
762617	10.400	10.460	10.570
762661	9.022	9.122	9.312
762746	10.490	10.490	10.600
762833	10.690	10.880	11.010
762941	9.342	9.347	9.807
762953	10.480	10.540	10.610
762959	10.660	10.750	10.800
763098	10.300	10.420	10.520
763101	8.982	9.097	9.202
763167	10.100	10.100	10.110
763176	10.810	10.910	11.060
763357	9.622	9.622	9.627
763457	8.872	9.002	9.132
763476	9.572	9.632	9.712
763578	9.072	9.117	9.182
763675	9.597	9.647	9.667
764020	9.717	9.867	10.000
764071	10.900	11.020	11.060
764076	10.440	10.500	10.560
764157	10.250	10.370	10.450
764221	8.907	9.027	9.167
764303	9.697	9.697	9.697
764366	9.002	9.107	9.207
764476	8.232	9.042	9.607
764495	9.307	9.417	9.522
764516	8.897	9.262	9.407
764706	9.187	9.352	9.482
764728	10.950	11.040	11.080
764772	9.907	9.912	10.060
764828	9.652	9.742	9.832
764974	10.250	10.310	10.360
765113	10.400	10.520	10.620
765125	8.902	9.017	9.122
765464	9.722	9.792	9.887
765577	9.262	9.452	9.632
765632	9.847	9.847	9.847
765644	9.252	9.407	9.592
765657	9.192	9.297	9.407
765679	10.930	11.070	11.120
765782	9.892	9.897	9.897
765797	9.512	9.562	9.652
765853	9.357	9.452	9.537
765957	9.767	9.857	9.977
765962	9.987	10.050	10.050
765982	9.262	9.267	9.357
766346	10.020	10.100	10.200
766392	9.342	9.742	9.882
766401	9.807	9.837	9.862
766592	9.347	9.422	9.517
766615	9.412	9.492	9.602
766646	9.297	9.367	9.467
766679	10.550	10.550	10.550
766781	10.330	10.450	10.520
767237	9.127	9.192	9.262
767482	10.030	10.130	10.180
767661	9.802	9.932	10.050
767748	9.172	9.282	9.392
767941	9.207	9.272	9.387
767964	9.562	9.562	9.562
768012	9.907	10.350	10.680
768254	9.342	9.352	9.352
768370	9.032	9.127	9.242
768542	10.300	10.370	10.440
768585	9.152	9.387	9.512
768600	9.777	9.857	9.952
768658	10.860	10.860	10.860
768662	9.207	9.207	9.207
768927	8.857	9.037	9.162
769090	10.600	10.600	10.600
769137	10.070	10.070	10.070
769339	10.200	10.310	10.420
769780	8.927	9.022	9.142
770018	9.287	9.357	9.422
770091	10.630	10.690	10.760
770114	9.772	9.777	9.837
770168	11.310	11.310	11.310
770216	9.062	9.117	9.282
770290	9.062	9.127	9.257
770578	9.532	9.607	9.692
770681	9.882	10.040	10.100
770778	9.577	9.652	9.732
770808	9.632	9.667	9.752
770862	9.247	9.332	9.367
770907	10.180	10.270	10.370
771346	9.457	9.647	9.762
771558	8.937	9.082	9.197
771706	9.077	9.247	9.322
771879	10.990	11.100	11.200
772107	9.027	9.197	9.252
772397	9.392	9.502	9.612
772443	10.130	10.290	10.400
772477	10.210	10.220	10.220
772485	9.427	9.482	9.592
772656	9.162	9.242	9.332
772968	9.537	9.567	9.607
773038	9.312	9.542	9.612
773285	8.947	9.212	9.327
773429	9.312	9.497	9.742
773750	9.387	9.502	9.677
773927	9.917	9.982	10.100
773997	10.600	10.670	10.800
774014	9.447	9.537	9.662
774178	9.152	9.402	9.637
774260	9.722	9.807	9.902
774434	10.530	10.650	10.710
774553	10.090	10.140	10.180
774594	10.580	10.660	10.710
775371	10.170	10.200	10.210
775483	10.430	10.580	10.620
775948	9.117	9.192	9.277
776133	9.932	9.942	9.987
776415	9.097	9.272	9.417
776552	10.130	10.140	10.310
776906	10.410	10.460	10.510
777032	8.987	9.047	9.097
777632	10.100	10.250	10.330
777796	9.977	10.020	10.100
778156	10.530	10.730	10.910
778957	10.000	10.060	10.150
